/*********************************************
 * OPL 22.1.1.0 Data
 * Author: User
 * Creation Date: 24 ott 2023 at 11:04:41
 *********************************************/
n = 130;

m = 146;

g = 15;

d = [52.39849143988655, 50.15834603241914, 53.10459728832657, 50.46047934207708, 53.13938847400686, 53.662107623768144, 52.702581816599434, 51.98780237986372, 53.69521574398082, 52.44392080521378, 51.089265835196734, 51.61971548148292, 52.546390265738964, 52.07499705701193, 51.61871421835346];

c = [[0.09706838645337114, 0.2179667681783039, 0.3335259046243173, 0.1450772527503277, 0.09504766182266856, 0.2595128366422393, 0.2988326229700111, 0.3207449993610253, 0.13479254311566907, 0.14507164141218815, 0.1307855880371246, 0.2305740339551961, 0.18695289176097687, 0.14738809467407704, 0.3330379500062355], [0.10496930162980833, 0.23570824930909612, 0.3606733619774595, 0.15688586634628462, 0.10278409941288578, 0.2806359745084681, 0.32315620856059346, 0.3468521504718065, 0.14576402918322354, 0.15687979827131976, 0.1414309265982859, 0.24934168788178185, 0.20216998760198662, 0.1593848000545252, 0.3601456901230221], [0.0632073214114975, 0.14193184904633746, 0.2171796588251369, 0.09446890876765528, 0.061891500721737686, 0.16898510292983027, 0.19458868472465843, 0.2088572088862491, 0.08777188854043569, 0.09446525487305277, 0.08516270848929045, 0.15014123141268587, 0.12173676672807798, 0.09597364304358508, 0.2168619209342929], [0.01918793685706174, 0.04308645417478101, 0.06592953928620227, 0.02867806159018106, 0.01878849129052751, 0.051299049103698466, 0.05907156500569988, 0.0634030812690399, 0.02664503759263226, 0.028676952372176732, 0.025852965077106025, 0.04557858810742249, 0.03695580418530938, 0.029134855923945466, 0.06583308314076748], [0.0553064062350603, 0.12419036791554526, 0.19003220147199476, 0.08266029517169834, 0.054155063131520464, 0.14786196506360147, 0.17026509913407611, 0.18275005777546793, 0.07680040247288121, 0.08265709801392115, 0.07451736992812913, 0.1313735774861001, 0.10651967088706822, 0.08397693766313692, 0.18975418081750625], [0.09932579078949605, 0.2230357627871017, 0.34128232101092937, 0.14845114234917256, 0.09725807256273063, 0.26554801888973323, 0.30578221885303464, 0.3282041853926771, 0.13792725342068463, 0.14844540051479718, 0.13382711334031352, 0.23593622079136345, 0.1913006334298368, 0.15081572478277652, 0.34078301861103166], [0.012415723848687006, 0.02787947034838771, 0.04266029012636617, 0.01855639279364657, 0.012157259070341328, 0.033193502361216654, 0.03822277735662933, 0.04102552317408464, 0.017240906677585578, 0.018555675064349648, 0.01672838916753919, 0.02949202759892043, 0.0239125791787296, 0.018851965597847065, 0.04259787732637896], [0.0778804495963094, 0.17488031400352289, 0.26759636533811504, 0.11639919116014663, 0.07625917053214105, 0.2082137875385408, 0.2397610579643112, 0.2573419180919854, 0.10814750552303679, 0.1163946890400114, 0.10493262296001855, 0.18499544584777358, 0.14999708757566746, 0.11825323875013158, 0.26720486686546796], [0.04627678889056066, 0.1039143894803542, 0.15900653592554664, 0.06916473677631903, 0.045313420171272226, 0.12372123607362571, 0.14246671560198204, 0.1529133136488609, 0.06426156125281897, 0.06916206160348505, 0.06235126871537335, 0.1099248301414307, 0.08912870421162851, 0.07026641722833907, 0.15877390639832156], [0.03386106504187365, 0.07603491913196649, 0.11634624579918046, 0.05060834398267246, 0.03315616110093089, 0.09052773371240906, 0.10424393824535272, 0.11188779047477627, 0.0470206545752334, 0.050606386539135406, 0.04562287954783416, 0.08043280254251027, 0.0652161250328989, 0.051414451630492, 0.1161760290719426], [0.08691006694080905, 0.195156292438714, 0.29862203088456324, 0.129894749555526, 0.08510081349238931, 0.2323545165285166, 0.2675594414964053, 0.2871786622185925, 0.12068634674309905, 0.12988972545044755, 0.11709872417277435, 0.20644419319244303, 0.1673880542511072, 0.13196375918492947, 0.29818514128465273], [0.058692512739247665, 0.1317938598287419, 0.2016668260519128, 0.0877211295699656, 0.05747067924161355, 0.15691473843484235, 0.1806894929586114, 0.19393883682294555, 0.08150246793040455, 0.0877177366678347, 0.07907965788291255, 0.13941685774035112, 0.11304128339035811, 0.08911838282618613, 0.20137178372470052], [0.07675174742824696, 0.17234581669912405, 0.26371815714480906, 0.11471224636072425, 0.07515396516211004, 0.20519619641479386, 0.2362862600227995, 0.2536123250761596, 0.10658015037052904, 0.11470780948870693, 0.1034118603084241, 0.18231435242968996, 0.14782321674123752, 0.11653942369578187, 0.2633323325630699], [0.03498976720993611, 0.07856941643636538, 0.12022445399248649, 0.05229528878209488, 0.03426136647096193, 0.09354532483615603, 0.10771873618686448, 0.11561738349060216, 0.04858800972774118, 0.05229326609043992, 0.04714364219942863, 0.08311389596059394, 0.06738999586732887, 0.05312826668484173, 0.12004856337434071], [0.01918793685706174, 0.04308645417478101, 0.06592953928620227, 0.02867806159018106, 0.01878849129052751, 0.051299049103698466, 0.05907156500569988, 0.0634030812690399, 0.02664503759263226, 0.028676952372176732, 0.025852965077106025, 0.04557858810742249, 0.03695580418530938, 0.029134855923945466, 0.06583308314076748], [0.05304900189893538, 0.11912137330674748, 0.1822757850853827, 0.0792864055728535, 0.051944652391458394, 0.1418267828161075, 0.16331550325105257, 0.17529087174381616, 0.07366569216786564, 0.07928333891131212, 0.07147584462494018, 0.12601139064993275, 0.10217192921820828, 0.08054930755443745, 0.18200911221271007], [0.016930532520936827, 0.03801745956598324, 0.05817312289959023, 0.02530417199133623, 0.016578080550465446, 0.04526386685620453, 0.05212196912267636, 0.05594389523738814, 0.0235103272876167, 0.025303193269567703, 0.02281143977391708, 0.040216401271255135, 0.03260806251644945, 0.025707225815246, 0.0580880145359713], [0.054177704066997845, 0.12165587061114637, 0.18615399327868873, 0.08097335037227593, 0.05304985776148943, 0.14484437393985447, 0.16679030119256433, 0.17902046475964203, 0.07523304732037343, 0.08097021846261664, 0.07299660727653465, 0.12869248406801642, 0.10434580005263824, 0.0822631226087872, 0.18588164651510816], [0.03950457588218593, 0.08870740565396089, 0.13573728676571054, 0.059043067979784536, 0.03868218795108604, 0.10561568933114389, 0.1216179279529115, 0.13053575555390565, 0.054857430337772295, 0.05904078429565797, 0.05322669280580652, 0.09383826963292864, 0.07608547920504873, 0.05998352690224066, 0.13553870058393303], [0.10722670596593324, 0.24077724391789385, 0.3684297783640715, 0.16025975594512945, 0.10499451015294783, 0.286671156755962, 0.3301058044436169, 0.3543113365034582, 0.1488987394882391, 0.16025355737392877, 0.14447245190147484, 0.2547038747179492, 0.20651772927084655, 0.16281243016322466, 0.36789075872781823], [0.00902961734449964, 0.02027597843519106, 0.03102566554644812, 0.01349555839537932, 0.008841642960248239, 0.024140728989975747, 0.027798383532094056, 0.029836744126607008, 0.012538841220062238, 0.013495036410436107, 0.012166101212755775, 0.021448747344669405, 0.01739096667543971, 0.013710520434797865, 0.030980274419184693], [0.09368227994918377, 0.21036327626510726, 0.32189128004439926, 0.14001641835206047, 0.09173204571257547, 0.2504600632709984, 0.2884082291454758, 0.3095562203135477, 0.13009047765814571, 0.1400110027582746, 0.12622330008234117, 0.22253075370094505, 0.18043127925768698, 0.14224664951102786, 0.3214203470990412], [0.10158319512562097, 0.22810475739589947, 0.34903873739754143, 0.15182503194801739, 0.09946848330279269, 0.27158320113722717, 0.31273181473605816, 0.33566337142432884, 0.1410619637257002, 0.15181915961740622, 0.1368686386435025, 0.24129840762753083, 0.19564837509869673, 0.154243354891476, 0.34852808721582784], [0.00225740433612491, 0.005068994608797765, 0.00775641638661203, 0.00337388959884483, 0.0022104107400620597, 0.006035182247493937, 0.006949595883023514, 0.007459186031651752, 0.0031347103050155594, 0.003373759102609027, 0.003041525303188944, 0.005362186836167351, 0.004347741668859927, 0.003427630108699466, 0.007745068604796173], [0.10835540813399569, 0.24331174122229274, 0.37230798655737746, 0.16194670074455186, 0.10609971552297887, 0.28968874787970894, 0.33358060238512866, 0.35804092951928407, 0.15046609464074687, 0.16194043692523327, 0.1459932145530693, 0.25738496813603284, 0.2086916001052765, 0.1645262452175744, 0.3717632930302163], [0.07223693875599713, 0.16220782748152848, 0.24820532437158496, 0.10796446716303457, 0.07073314368198591, 0.19312583191980598, 0.22238706825675245, 0.23869395301285606, 0.1003107297604979, 0.10796029128348886, 0.0973288097020462, 0.17158997875735524, 0.13912773340351767, 0.10968416347838292, 0.24784219535347754], [0.04853419322668557, 0.10898338408915195, 0.16676295231215865, 0.07253862637516385, 0.04752383091133428, 0.12975641832111964, 0.14941631148500556, 0.16037249968051265, 0.06739627155783454, 0.07253582070609407, 0.0653927940185623, 0.11528701697759805, 0.09347644588048844, 0.07369404733703852, 0.16651897500311774], [0.0632073214114975, 0.14193184904633746, 0.2171796588251369, 0.09446890876765528, 0.061891500721737686, 0.16898510292983027, 0.19458868472465843, 0.2088572088862491, 0.08777188854043569, 0.09446525487305277, 0.08516270848929045, 0.15014123141268587, 0.12173676672807798, 0.09597364304358508, 0.2168619209342929], [0.04853419322668557, 0.10898338408915195, 0.16676295231215865, 0.07253862637516385, 0.04752383091133428, 0.12975641832111964, 0.14941631148500556, 0.16037249968051265, 0.06739627155783454, 0.07253582070609407, 0.0653927940185623, 0.11528701697759805, 0.09347644588048844, 0.07369404733703852, 0.16651897500311774], [0.10384059946174588, 0.23317375200469725, 0.35679515378415344, 0.1551989215468622, 0.10167889404285475, 0.2776183833847211, 0.31968141061908173, 0.34312255745598064, 0.14419667403071576, 0.15519291872001525, 0.13991016394669142, 0.24666059446369817, 0.1999961167675567, 0.15767098500017548, 0.356273155820624], [0.07675174742824696, 0.17234581669912405, 0.26371815714480906, 0.11471224636072425, 0.07515396516211004, 0.20519619641479386, 0.2362862600227995, 0.2536123250761596, 0.10658015037052904, 0.11470780948870693, 0.1034118603084241, 0.18231435242968996, 0.14782321674123752, 0.11653942369578187, 0.2633323325630699], [0.012415723848687006, 0.02787947034838771, 0.04266029012636617, 0.01855639279364657, 0.012157259070341328, 0.033193502361216654, 0.03822277735662933, 0.04102552317408464, 0.017240906677585578, 0.018555675064349648, 0.01672838916753919, 0.02949202759892043, 0.0239125791787296, 0.018851965597847065, 0.04259787732637896], [0.049662895394748025, 0.11151788139355084, 0.17064116050546468, 0.07422557117458628, 0.048629036281365313, 0.13277400944486661, 0.15289110942651732, 0.16410209269633855, 0.06896362671034231, 0.07422270025739859, 0.06691355667015676, 0.11796811039568172, 0.0956503167149184, 0.07540786239138826, 0.17039150930551583], [0.08352396043662168, 0.18755280052551732, 0.28698740630464514, 0.12483391515725872, 0.0817851973822962, 0.22330174315727566, 0.25713504767187, 0.2759898831711148, 0.1159842812855757, 0.12482908679653398, 0.11253643621799092, 0.19840091293819198, 0.1608664417478173, 0.12682231402188024, 0.2865675383774584], [0.00225740433612491, 0.005068994608797765, 0.00775641638661203, 0.00337388959884483, 0.0022104107400620597, 0.006035182247493937, 0.006949595883023514, 0.007459186031651752, 0.0031347103050155594, 0.003373759102609027, 0.003041525303188944, 0.005362186836167351, 0.004347741668859927, 0.003427630108699466, 0.007745068604796173], [0.04176198021831084, 0.09377640026275866, 0.14349370315232257, 0.06241695757862936, 0.0408925986911481, 0.11165087157863783, 0.128567523835935, 0.1379949415855574, 0.05799214064278785, 0.06241454339826699, 0.05626821810899546, 0.09920045646909599, 0.08043322087390865, 0.06341115701094012, 0.1432837691887292], [0.0632073214114975, 0.14193184904633746, 0.2171796588251369, 0.09446890876765528, 0.061891500721737686, 0.16898510292983027, 0.19458868472465843, 0.2088572088862491, 0.08777188854043569, 0.09446525487305277, 0.08516270848929045, 0.15014123141268587, 0.12173676672807798, 0.09597364304358508, 0.2168619209342929], [0.006772213008374731, 0.015206983826393296, 0.02326924915983609, 0.010121668796534491, 0.006631232220186179, 0.01810554674248181, 0.02084878764907054, 0.022377558094955254, 0.00940413091504668, 0.01012127730782708, 0.009124575909566831, 0.016086560508502053, 0.01304322500657978, 0.0102828903260984, 0.02323520581438852], [0.09706838645337114, 0.2179667681783039, 0.3335259046243173, 0.1450772527503277, 0.09504766182266856, 0.2595128366422393, 0.2988326229700111, 0.3207449993610253, 0.13479254311566907, 0.14507164141218815, 0.1307855880371246, 0.2305740339551961, 0.18695289176097687, 0.14738809467407704, 0.3330379500062355], [0.03950457588218593, 0.08870740565396089, 0.13573728676571054, 0.059043067979784536, 0.03868218795108604, 0.10561568933114389, 0.1216179279529115, 0.13053575555390565, 0.054857430337772295, 0.05904078429565797, 0.05322669280580652, 0.09383826963292864, 0.07608547920504873, 0.05998352690224066, 0.13553870058393303], [0.03047495853768629, 0.06843142721876984, 0.10471162121926243, 0.04554750958440522, 0.029840544990837808, 0.08147496034116816, 0.09381954442081746, 0.10069901142729866, 0.04231858911771006, 0.045545747885221866, 0.04106059159305075, 0.07238952228825925, 0.05869451252960902, 0.0462730064674428, 0.10455842616474835], [0.04627678889056066, 0.1039143894803542, 0.15900653592554664, 0.06916473677631903, 0.045313420171272226, 0.12372123607362571, 0.14246671560198204, 0.1529133136488609, 0.06426156125281897, 0.06916206160348505, 0.06235126871537335, 0.1099248301414307, 0.08912870421162851, 0.07026641722833907, 0.15877390639832156], [0.054177704066997845, 0.12165587061114637, 0.18615399327868873, 0.08097335037227593, 0.05304985776148943, 0.14484437393985447, 0.16679030119256433, 0.17902046475964203, 0.07523304732037343, 0.08097021846261664, 0.07299660727653465, 0.12869248406801642, 0.10434580005263824, 0.0822631226087872, 0.18588164651510816], [0.0880387691088715, 0.19769078974311285, 0.3025002390778692, 0.1315816943549484, 0.08620601886242034, 0.23537210765226355, 0.2710342394379171, 0.2909082552344183, 0.12225370189560683, 0.13157660500175206, 0.11861948682436882, 0.2091252866105267, 0.16956192508553716, 0.1336775742392792, 0.30205767558705077], [0.10722670596593324, 0.24077724391789385, 0.3684297783640715, 0.16025975594512945, 0.10499451015294783, 0.286671156755962, 0.3301058044436169, 0.3543113365034582, 0.1488987394882391, 0.16025355737392877, 0.14447245190147484, 0.2547038747179492, 0.20651772927084655, 0.16281243016322466, 0.36789075872781823], [0.07449434309212204, 0.16727682209032627, 0.255961740758197, 0.1113383567618794, 0.07294355442204797, 0.19916101416729992, 0.229336664139776, 0.2461531390445078, 0.10344544006551347, 0.1113340503860979, 0.10037033500523515, 0.1769521655935226, 0.1434754750723776, 0.1131117935870824, 0.25558726395827375], [0.06997953441987222, 0.15713883287273075, 0.24044890798497298, 0.10459057756418975, 0.06852273294192386, 0.18709064967231206, 0.21543747237372896, 0.23123476698120432, 0.09717601945548236, 0.10458653218087983, 0.09428728439885727, 0.1662277919211879, 0.13477999173465774, 0.10625653336968346, 0.24009712674868142], [0.07223693875599713, 0.16220782748152848, 0.24820532437158496, 0.10796446716303457, 0.07073314368198591, 0.19312583191980598, 0.22238706825675245, 0.23869395301285606, 0.1003107297604979, 0.10796029128348886, 0.0973288097020462, 0.17158997875735524, 0.13912773340351767, 0.10968416347838292, 0.24784219535347754], [0.10271189729368342, 0.23063925470029834, 0.3529169455908474, 0.1535119767474398, 0.10057368867282372, 0.27460079226097417, 0.31620661267756994, 0.3393929644401547, 0.14262931887820796, 0.15350603916871072, 0.13838940129509694, 0.24397950104561447, 0.1978222459331267, 0.15595716994582573, 0.35240062151822593], [0.0880387691088715, 0.19769078974311285, 0.3025002390778692, 0.1315816943549484, 0.08620601886242034, 0.23537210765226355, 0.2710342394379171, 0.2909082552344183, 0.12225370189560683, 0.13157660500175206, 0.11861948682436882, 0.2091252866105267, 0.16956192508553716, 0.1336775742392792, 0.30205767558705077], [0.03950457588218593, 0.08870740565396089, 0.13573728676571054, 0.059043067979784536, 0.03868218795108604, 0.10561568933114389, 0.1216179279529115, 0.13053575555390565, 0.054857430337772295, 0.05904078429565797, 0.05322669280580652, 0.09383826963292864, 0.07608547920504873, 0.05998352690224066, 0.13553870058393303], [0.056435108403122755, 0.12672486521994414, 0.1939104096653008, 0.08434723997112077, 0.055260268501551496, 0.15087955618734844, 0.17373989707558787, 0.1864796507912938, 0.078367757625389, 0.08434397756522567, 0.0760381325797236, 0.13405467090418377, 0.10869354172149819, 0.08569075271748666, 0.19362671511990434], [0.01918793685706174, 0.04308645417478101, 0.06592953928620227, 0.02867806159018106, 0.01878849129052751, 0.051299049103698466, 0.05907156500569988, 0.0634030812690399, 0.02664503759263226, 0.028676952372176732, 0.025852965077106025, 0.04557858810742249, 0.03695580418530938, 0.029134855923945466, 0.06583308314076748], [0.00225740433612491, 0.005068994608797765, 0.00775641638661203, 0.00337388959884483, 0.0022104107400620597, 0.006035182247493937, 0.006949595883023514, 0.007459186031651752, 0.0031347103050155594, 0.003373759102609027, 0.003041525303188944, 0.005362186836167351, 0.004347741668859927, 0.003427630108699466, 0.007745068604796173], [0.00902961734449964, 0.02027597843519106, 0.03102566554644812, 0.01349555839537932, 0.008841642960248239, 0.024140728989975747, 0.027798383532094056, 0.029836744126607008, 0.012538841220062238, 0.013495036410436107, 0.012166101212755775, 0.021448747344669405, 0.01739096667543971, 0.013710520434797865, 0.030980274419184693], [0.014673128184811916, 0.03294846495718547, 0.0504167065129782, 0.0219302823924914, 0.014367669810403388, 0.03922868460871059, 0.04517237323965285, 0.04848470920573639, 0.02037561698260114, 0.021929434166958674, 0.019769914470728137, 0.03485421443508778, 0.02826032084758953, 0.022279595706546532, 0.05034294593117513], [0.014673128184811916, 0.03294846495718547, 0.0504167065129782, 0.0219302823924914, 0.014367669810403388, 0.03922868460871059, 0.04517237323965285, 0.04848470920573639, 0.02037561698260114, 0.021929434166958674, 0.019769914470728137, 0.03485421443508778, 0.02826032084758953, 0.022279595706546532, 0.05034294593117513], [0.014673128184811916, 0.03294846495718547, 0.0504167065129782, 0.0219302823924914, 0.014367669810403388, 0.03922868460871059, 0.04517237323965285, 0.04848470920573639, 0.02037561698260114, 0.021929434166958674, 0.019769914470728137, 0.03485421443508778, 0.02826032084758953, 0.022279595706546532, 0.05034294593117513], [0.059821214907310134, 0.1343283571331408, 0.20554503424521886, 0.08940807436938802, 0.05857588461164459, 0.15993232955858935, 0.18416429090012318, 0.19766842983877145, 0.08306982308291234, 0.08940461621913923, 0.08060042053450703, 0.14209795115843482, 0.11521515422478809, 0.09083219788053587, 0.20524431802709864], [0.09255357778112132, 0.2078287789607084, 0.3180130718510933, 0.13832947355263805, 0.09062684034254445, 0.24744247214725143, 0.2849334312039641, 0.3058266272977218, 0.12852312250563794, 0.1383241232069701, 0.1247025374307467, 0.2198496602828614, 0.17825740842325702, 0.14053283445667814, 0.3175478127966431], [0.01805923468899928, 0.04055195687038212, 0.06205133109289624, 0.02699111679075864, 0.017683285920496478, 0.048281457979951495, 0.05559676706418811, 0.059673488253214016, 0.025077682440124476, 0.026990072820872214, 0.02433220242551155, 0.04289749468933881, 0.03478193335087942, 0.02742104086959573, 0.061960548838369385], [0.10496930162980833, 0.23570824930909612, 0.3606733619774595, 0.15688586634628462, 0.10278409941288578, 0.2806359745084681, 0.32315620856059346, 0.3468521504718065, 0.14576402918322354, 0.15687979827131976, 0.1414309265982859, 0.24934168788178185, 0.20216998760198662, 0.1593848000545252, 0.3601456901230221], [0.054177704066997845, 0.12165587061114637, 0.18615399327868873, 0.08097335037227593, 0.05304985776148943, 0.14484437393985447, 0.16679030119256433, 0.17902046475964203, 0.07523304732037343, 0.08097021846261664, 0.07299660727653465, 0.12869248406801642, 0.10434580005263824, 0.0822631226087872, 0.18588164651510816], [0.09029617344499642, 0.20275978435191064, 0.3102566554644813, 0.13495558395379323, 0.0884164296024824, 0.24140728989975752, 0.2779838353209406, 0.2983674412660701, 0.1253884122006224, 0.1349503641043611, 0.12166101212755777, 0.21448747344669405, 0.17390966675439712, 0.13710520434797868, 0.309802744191847], [0.001128702168062455, 0.0025344973043988825, 0.003878208193306015, 0.001686944799422415, 0.0011052053700310299, 0.0030175911237469684, 0.003474797941511757, 0.003729593015825876, 0.0015673551525077797, 0.0016868795513045134, 0.001520762651594472, 0.0026810934180836756, 0.0021738708344299635, 0.001713815054349733, 0.0038725343023980866], [0.03950457588218593, 0.08870740565396089, 0.13573728676571054, 0.059043067979784536, 0.03868218795108604, 0.10561568933114389, 0.1216179279529115, 0.13053575555390565, 0.054857430337772295, 0.05904078429565797, 0.05322669280580652, 0.09383826963292864, 0.07608547920504873, 0.05998352690224066, 0.13553870058393303], [0.00225740433612491, 0.005068994608797765, 0.00775641638661203, 0.00337388959884483, 0.0022104107400620597, 0.006035182247493937, 0.006949595883023514, 0.007459186031651752, 0.0031347103050155594, 0.003373759102609027, 0.003041525303188944, 0.005362186836167351, 0.004347741668859927, 0.003427630108699466, 0.007745068604796173], [0.07223693875599713, 0.16220782748152848, 0.24820532437158496, 0.10796446716303457, 0.07073314368198591, 0.19312583191980598, 0.22238706825675245, 0.23869395301285606, 0.1003107297604979, 0.10796029128348886, 0.0973288097020462, 0.17158997875735524, 0.13912773340351767, 0.10968416347838292, 0.24784219535347754], [0.056435108403122755, 0.12672486521994414, 0.1939104096653008, 0.08434723997112077, 0.055260268501551496, 0.15087955618734844, 0.17373989707558787, 0.1864796507912938, 0.078367757625389, 0.08434397756522567, 0.0760381325797236, 0.13405467090418377, 0.10869354172149819, 0.08569075271748666, 0.19362671511990434], [0.016930532520936827, 0.03801745956598324, 0.05817312289959023, 0.02530417199133623, 0.016578080550465446, 0.04526386685620453, 0.05212196912267636, 0.05594389523738814, 0.0235103272876167, 0.025303193269567703, 0.02281143977391708, 0.040216401271255135, 0.03260806251644945, 0.025707225815246, 0.0580880145359713], [0.10722670596593324, 0.24077724391789385, 0.3684297783640715, 0.16025975594512945, 0.10499451015294783, 0.286671156755962, 0.3301058044436169, 0.3543113365034582, 0.1488987394882391, 0.16025355737392877, 0.14447245190147484, 0.2547038747179492, 0.20651772927084655, 0.16281243016322466, 0.36789075872781823], [0.049662895394748025, 0.11151788139355084, 0.17064116050546468, 0.07422557117458628, 0.048629036281365313, 0.13277400944486661, 0.15289110942651732, 0.16410209269633855, 0.06896362671034231, 0.07422270025739859, 0.06691355667015676, 0.11796811039568172, 0.0956503167149184, 0.07540786239138826, 0.17039150930551583], [0.10722670596593324, 0.24077724391789385, 0.3684297783640715, 0.16025975594512945, 0.10499451015294783, 0.286671156755962, 0.3301058044436169, 0.3543113365034582, 0.1488987394882391, 0.16025355737392877, 0.14447245190147484, 0.2547038747179492, 0.20651772927084655, 0.16281243016322466, 0.36789075872781823], [0.059821214907310134, 0.1343283571331408, 0.20554503424521886, 0.08940807436938802, 0.05857588461164459, 0.15993232955858935, 0.18416429090012318, 0.19766842983877145, 0.08306982308291234, 0.08940461621913923, 0.08060042053450703, 0.14209795115843482, 0.11521515422478809, 0.09083219788053587, 0.20524431802709864], [0.057563810571185224, 0.12925936252434306, 0.19778861785860682, 0.0860341847705432, 0.056365473871582535, 0.15389714731109544, 0.17721469501709966, 0.1902092438071197, 0.07993511277789679, 0.0860308571165302, 0.07755889523131808, 0.13673576432226747, 0.11086741255592816, 0.08740456777183642, 0.1974992494223025], [0.010158319512562096, 0.022810475739589945, 0.03490387373975414, 0.015182503194801737, 0.009946848330279269, 0.02715832011372272, 0.03127318147360582, 0.03356633714243289, 0.01410619637257002, 0.015181915961740622, 0.013686863864350248, 0.024129840762753083, 0.019564837509869672, 0.0154243354891476, 0.034852808721582786], [0.04853419322668557, 0.10898338408915195, 0.16676295231215865, 0.07253862637516385, 0.04752383091133428, 0.12975641832111964, 0.14941631148500556, 0.16037249968051265, 0.06739627155783454, 0.07253582070609407, 0.0653927940185623, 0.11528701697759805, 0.09347644588048844, 0.07369404733703852, 0.16651897500311774], [0.057563810571185224, 0.12925936252434306, 0.19778861785860682, 0.0860341847705432, 0.056365473871582535, 0.15389714731109544, 0.17721469501709966, 0.1902092438071197, 0.07993511277789679, 0.0860308571165302, 0.07755889523131808, 0.13673576432226747, 0.11086741255592816, 0.08740456777183642, 0.1974992494223025], [0.09368227994918377, 0.21036327626510726, 0.32189128004439926, 0.14001641835206047, 0.09173204571257547, 0.2504600632709984, 0.2884082291454758, 0.3095562203135477, 0.13009047765814571, 0.1400110027582746, 0.12622330008234117, 0.22253075370094505, 0.18043127925768698, 0.14224664951102786, 0.3214203470990412], [0.0327323628738112, 0.0735004218275676, 0.11246803760587444, 0.04892139918325004, 0.03205095573089986, 0.08751014258866208, 0.10076914030384096, 0.10815819745895039, 0.045453299422725614, 0.04891950698783089, 0.04410211689623968, 0.07775170912442658, 0.06304225419846894, 0.04970063657614226, 0.11230349476954452], [0.08239525826855922, 0.18501830322111842, 0.2831091981113391, 0.12314697035783631, 0.08067999201226518, 0.2202841520335287, 0.2536602497303583, 0.27226029015528896, 0.11441692613306792, 0.12314220724522948, 0.11101567356639645, 0.1957198195201083, 0.15869257091338734, 0.1251084989675305, 0.2826950040750603], [0.001128702168062455, 0.0025344973043988825, 0.003878208193306015, 0.001686944799422415, 0.0011052053700310299, 0.0030175911237469684, 0.003474797941511757, 0.003729593015825876, 0.0015673551525077797, 0.0016868795513045134, 0.001520762651594472, 0.0026810934180836756, 0.0021738708344299635, 0.001713815054349733, 0.0038725343023980866], [0.04853419322668557, 0.10898338408915195, 0.16676295231215865, 0.07253862637516385, 0.04752383091133428, 0.12975641832111964, 0.14941631148500556, 0.16037249968051265, 0.06739627155783454, 0.07253582070609407, 0.0653927940185623, 0.11528701697759805, 0.09347644588048844, 0.07369404733703852, 0.16651897500311774], [0.014673128184811916, 0.03294846495718547, 0.0504167065129782, 0.0219302823924914, 0.014367669810403388, 0.03922868460871059, 0.04517237323965285, 0.04848470920573639, 0.02037561698260114, 0.021929434166958674, 0.019769914470728137, 0.03485421443508778, 0.02826032084758953, 0.022279595706546532, 0.05034294593117513], [0.10835540813399569, 0.24331174122229274, 0.37230798655737746, 0.16194670074455186, 0.10609971552297887, 0.28968874787970894, 0.33358060238512866, 0.35804092951928407, 0.15046609464074687, 0.16194043692523327, 0.1459932145530693, 0.25738496813603284, 0.2086916001052765, 0.1645262452175744, 0.3717632930302163], [0.01805923468899928, 0.04055195687038212, 0.06205133109289624, 0.02699111679075864, 0.017683285920496478, 0.048281457979951495, 0.05559676706418811, 0.059673488253214016, 0.025077682440124476, 0.026990072820872214, 0.02433220242551155, 0.04289749468933881, 0.03478193335087942, 0.02742104086959573, 0.061960548838369385], [0.08465266260468414, 0.1900872978299162, 0.2908656144979512, 0.12652085995668116, 0.08289040275232724, 0.22631933428102266, 0.2606098456133818, 0.2797194761869407, 0.11755163643808349, 0.12651596634783852, 0.1140571988695854, 0.20108200635627568, 0.16304031258224727, 0.12853612907623, 0.29044007267985655], [0.07900915176437186, 0.17741481130792178, 0.27147457353142107, 0.11808613595956907, 0.07736437590217209, 0.21123137866228778, 0.243235855905823, 0.2610715111078113, 0.10971486067554459, 0.11808156859131594, 0.10645338561161304, 0.18767653926585728, 0.15217095841009745, 0.11996705380448132, 0.27107740116786605], [0.021445341193186647, 0.048155448783578775, 0.07368595567281429, 0.03205195118902589, 0.020998902030589565, 0.0573342313511924, 0.06602116088872338, 0.07086226730069164, 0.029779747897647816, 0.032050711474785755, 0.028894490380294967, 0.05094077494358983, 0.04130354585416931, 0.03256248603264493, 0.07357815174556365], [0.02596014986543647, 0.058293438001174314, 0.08919878844603836, 0.03879973038671555, 0.02541972351071369, 0.06940459584618028, 0.07992035265477043, 0.08578063936399516, 0.03604916850767894, 0.038798229680003814, 0.034977540986672856, 0.061665148615924543, 0.04999902919188917, 0.03941774625004387, 0.089068288955156], [0.03724717154606102, 0.08363841104516313, 0.1279808703790985, 0.0556691783809397, 0.03647177721102399, 0.09958050708364996, 0.114668332069888, 0.1230765695222539, 0.051722720032756735, 0.05566702519304895, 0.050185167502617575, 0.0884760827967613, 0.0717377375361888, 0.0565558967935412, 0.12779363197913687], [0.007900915176437187, 0.017741481130792183, 0.027147457353142113, 0.01180861359595691, 0.007736437590217211, 0.021123137866228783, 0.024323585590582304, 0.026107151110781136, 0.010971486067554461, 0.011808156859131596, 0.010645338561161306, 0.018767653926585734, 0.015217095841009748, 0.011996705380448135, 0.027107740116786613], [0.016930532520936827, 0.03801745956598324, 0.05817312289959023, 0.02530417199133623, 0.016578080550465446, 0.04526386685620453, 0.05212196912267636, 0.05594389523738814, 0.0235103272876167, 0.025303193269567703, 0.02281143977391708, 0.040216401271255135, 0.03260806251644945, 0.025707225815246, 0.0580880145359713], [0.08239525826855922, 0.18501830322111842, 0.2831091981113391, 0.12314697035783631, 0.08067999201226518, 0.2202841520335287, 0.2536602497303583, 0.27226029015528896, 0.11441692613306792, 0.12314220724522948, 0.11101567356639645, 0.1957198195201083, 0.15869257091338734, 0.1251084989675305, 0.2826950040750603], [0.0553064062350603, 0.12419036791554526, 0.19003220147199476, 0.08266029517169834, 0.054155063131520464, 0.14786196506360147, 0.17026509913407611, 0.18275005777546793, 0.07680040247288121, 0.08265709801392115, 0.07451736992812913, 0.1313735774861001, 0.10651967088706822, 0.08397693766313692, 0.18975418081750625], [0.02596014986543647, 0.058293438001174314, 0.08919878844603836, 0.03879973038671555, 0.02541972351071369, 0.06940459584618028, 0.07992035265477043, 0.08578063936399516, 0.03604916850767894, 0.038798229680003814, 0.034977540986672856, 0.061665148615924543, 0.04999902919188917, 0.03941774625004387, 0.089068288955156], [0.07449434309212204, 0.16727682209032627, 0.255961740758197, 0.1113383567618794, 0.07294355442204797, 0.19916101416729992, 0.229336664139776, 0.2461531390445078, 0.10344544006551347, 0.1113340503860979, 0.10037033500523515, 0.1769521655935226, 0.1434754750723776, 0.1131117935870824, 0.25558726395827375], [0.08239525826855922, 0.18501830322111842, 0.2831091981113391, 0.12314697035783631, 0.08067999201226518, 0.2202841520335287, 0.2536602497303583, 0.27226029015528896, 0.11441692613306792, 0.12314220724522948, 0.11101567356639645, 0.1957198195201083, 0.15869257091338734, 0.1251084989675305, 0.2826950040750603], [0.09142487561305887, 0.2052942816563095, 0.31413486365778726, 0.13664252875321564, 0.08952163497251342, 0.24442488102350446, 0.28145863326245235, 0.302097034281896, 0.12695576735313016, 0.1366372436556656, 0.12318177477915224, 0.21716856686477773, 0.17608353758882705, 0.1388190194023284, 0.31367527849424504], [0.08691006694080905, 0.195156292438714, 0.29862203088456324, 0.129894749555526, 0.08510081349238931, 0.2323545165285166, 0.2675594414964053, 0.2871786622185925, 0.12068634674309905, 0.12988972545044755, 0.11709872417277435, 0.20644419319244303, 0.1673880542511072, 0.13196375918492947, 0.29818514128465273], [0.040633278050248384, 0.09124190295835978, 0.13961549495901657, 0.06073001277920695, 0.039787393321117075, 0.10863328045489087, 0.12509272589442327, 0.13426534856973155, 0.05642478549028008, 0.06072766384696249, 0.05474745545740099, 0.09651936305101233, 0.07825935003947869, 0.0616973419565904, 0.13941123488633114], [0.09029617344499642, 0.20275978435191064, 0.3102566554644813, 0.13495558395379323, 0.0884164296024824, 0.24140728989975752, 0.2779838353209406, 0.2983674412660701, 0.1253884122006224, 0.1349503641043611, 0.12166101212755777, 0.21448747344669405, 0.17390966675439712, 0.13710520434797868, 0.309802744191847], [0.06997953441987222, 0.15713883287273075, 0.24044890798497298, 0.10459057756418975, 0.06852273294192386, 0.18709064967231206, 0.21543747237372896, 0.23123476698120432, 0.09717601945548236, 0.10458653218087983, 0.09428728439885727, 0.1662277919211879, 0.13477999173465774, 0.10625653336968346, 0.24009712674868142], [0.057563810571185224, 0.12925936252434306, 0.19778861785860682, 0.0860341847705432, 0.056365473871582535, 0.15389714731109544, 0.17721469501709966, 0.1902092438071197, 0.07993511277789679, 0.0860308571165302, 0.07755889523131808, 0.13673576432226747, 0.11086741255592816, 0.08740456777183642, 0.1974992494223025], [0.028217554201561378, 0.06336243260997207, 0.0969552048326504, 0.042173619985560386, 0.027630134250775748, 0.07543977809367422, 0.08686994853779394, 0.0932398253956469, 0.0391838788126945, 0.042171988782612836, 0.0380190662898618, 0.06702733545209189, 0.05434677086074909, 0.04284537635874333, 0.09681335755995217], [0.09706838645337114, 0.2179667681783039, 0.3335259046243173, 0.1450772527503277, 0.09504766182266856, 0.2595128366422393, 0.2988326229700111, 0.3207449993610253, 0.13479254311566907, 0.14507164141218815, 0.1307855880371246, 0.2305740339551961, 0.18695289176097687, 0.14738809467407704, 0.3330379500062355], [0.00902961734449964, 0.02027597843519106, 0.03102566554644812, 0.01349555839537932, 0.008841642960248239, 0.024140728989975747, 0.027798383532094056, 0.029836744126607008, 0.012538841220062238, 0.013495036410436107, 0.012166101212755775, 0.021448747344669405, 0.01739096667543971, 0.013710520434797865, 0.030980274419184693], [0.08352396043662168, 0.18755280052551732, 0.28698740630464514, 0.12483391515725872, 0.0817851973822962, 0.22330174315727566, 0.25713504767187, 0.2759898831711148, 0.1159842812855757, 0.12482908679653398, 0.11253643621799092, 0.19840091293819198, 0.1608664417478173, 0.12682231402188024, 0.2865675383774584], [0.013544426016749461, 0.030413967652786592, 0.04653849831967218, 0.020243337593068983, 0.013262464440372358, 0.03621109348496362, 0.04169757529814108, 0.04475511618991051, 0.01880826183009336, 0.02024255461565416, 0.018249151819133662, 0.032173121017004105, 0.02608645001315956, 0.0205657806521968, 0.04647041162877704], [0.06207861924343504, 0.13939735174193857, 0.21330145063183087, 0.09278196396823285, 0.06078629535170665, 0.1659675118060833, 0.19111388678314667, 0.20512761587042322, 0.0862045333879279, 0.09277837532174825, 0.08364194583769596, 0.14746013799460217, 0.11956289589364802, 0.09425982798923534, 0.21298938663189482], [0.0778804495963094, 0.17488031400352289, 0.26759636533811504, 0.11639919116014663, 0.07625917053214105, 0.2082137875385408, 0.2397610579643112, 0.2573419180919854, 0.10814750552303679, 0.1163946890400114, 0.10493262296001855, 0.18499544584777358, 0.14999708757566746, 0.11825323875013158, 0.26720486686546796], [0.03611846937799856, 0.08110391374076424, 0.12410266218579248, 0.05398223358151728, 0.035366571840992955, 0.09656291595990299, 0.11119353412837622, 0.11934697650642803, 0.05015536488024895, 0.05398014564174443, 0.0486644048510231, 0.08579498937867762, 0.06956386670175883, 0.05484208173919146, 0.12392109767673877], [0.0801378539324343, 0.17994930861232067, 0.27535278172472705, 0.11977308075899147, 0.07846958127220312, 0.21424896978603475, 0.24671065384733473, 0.26480110412363717, 0.11128221582805235, 0.11976844814262044, 0.1079741482632075, 0.19035763268394096, 0.15434482924452742, 0.12168086885883105, 0.27494993547026414], [0.1004544929575585, 0.22557026009150055, 0.34516052920423534, 0.15013808714859495, 0.09836327793276166, 0.26856561001348017, 0.30925701679454637, 0.33193377840850297, 0.1394946085731924, 0.1501322800661017, 0.135347875991908, 0.23861731420944712, 0.19347450426426677, 0.15252953983712625, 0.34465555291342975], [0.04176198021831084, 0.09377640026275866, 0.14349370315232257, 0.06241695757862936, 0.0408925986911481, 0.11165087157863783, 0.128567523835935, 0.1379949415855574, 0.05799214064278785, 0.06241454339826699, 0.05626821810899546, 0.09920045646909599, 0.08043322087390865, 0.06341115701094012, 0.1432837691887292], [0.012415723848687006, 0.02787947034838771, 0.04266029012636617, 0.01855639279364657, 0.012157259070341328, 0.033193502361216654, 0.03822277735662933, 0.04102552317408464, 0.017240906677585578, 0.018555675064349648, 0.01672838916753919, 0.02949202759892043, 0.0239125791787296, 0.018851965597847065, 0.04259787732637896], [0.03386106504187365, 0.07603491913196649, 0.11634624579918046, 0.05060834398267246, 0.03315616110093089, 0.09052773371240906, 0.10424393824535272, 0.11188779047477627, 0.0470206545752334, 0.050606386539135406, 0.04562287954783416, 0.08043280254251027, 0.0652161250328989, 0.051414451630492, 0.1161760290719426], [0.0981970886214336, 0.22050126548270282, 0.33740411281762334, 0.14676419754975015, 0.09615286719269961, 0.2625304277659863, 0.3023074209115229, 0.3244745923768512, 0.13635989826817685, 0.14675852096349268, 0.13230635068871907, 0.2332551273732798, 0.18912676259540684, 0.1491019097284268, 0.3369104843086336], [0.00225740433612491, 0.005068994608797765, 0.00775641638661203, 0.00337388959884483, 0.0022104107400620597, 0.006035182247493937, 0.006949595883023514, 0.007459186031651752, 0.0031347103050155594, 0.003373759102609027, 0.003041525303188944, 0.005362186836167351, 0.004347741668859927, 0.003427630108699466, 0.007745068604796173], [0.04401938455443575, 0.09884539487155643, 0.1512501195389346, 0.0657908471774742, 0.04310300943121017, 0.11768605382613177, 0.13551711971895855, 0.14545412761720916, 0.061126850947803416, 0.06578830250087603, 0.05930974341218441, 0.10456264330526335, 0.08478096254276858, 0.0668387871196396, 0.15102883779352538], [0.06997953441987222, 0.15713883287273075, 0.24044890798497298, 0.10459057756418975, 0.06852273294192386, 0.18709064967231206, 0.21543747237372896, 0.23123476698120432, 0.09717601945548236, 0.10458653218087983, 0.09428728439885727, 0.1662277919211879, 0.13477999173465774, 0.10625653336968346, 0.24009712674868142], [0.03950457588218593, 0.08870740565396089, 0.13573728676571054, 0.059043067979784536, 0.03868218795108604, 0.10561568933114389, 0.1216179279529115, 0.13053575555390565, 0.054857430337772295, 0.05904078429565797, 0.05322669280580652, 0.09383826963292864, 0.07608547920504873, 0.05998352690224066, 0.13553870058393303], [0.04514808672249821, 0.10137989217595532, 0.15512832773224064, 0.06747779197689661, 0.0442082148012412, 0.12070364494987876, 0.1389919176604703, 0.14918372063303506, 0.0626942061003112, 0.06747518205218055, 0.060830506063778884, 0.10724373672334703, 0.08695483337719856, 0.06855260217398934, 0.1549013720959235], [0.03498976720993611, 0.07856941643636538, 0.12022445399248649, 0.05229528878209488, 0.03426136647096193, 0.09354532483615603, 0.10771873618686448, 0.11561738349060216, 0.04858800972774118, 0.05229326609043992, 0.04714364219942863, 0.08311389596059394, 0.06738999586732887, 0.05312826668484173, 0.12004856337434071], [0.03950457588218593, 0.08870740565396089, 0.13573728676571054, 0.059043067979784536, 0.03868218795108604, 0.10561568933114389, 0.1216179279529115, 0.13053575555390565, 0.054857430337772295, 0.05904078429565797, 0.05322669280580652, 0.09383826963292864, 0.07608547920504873, 0.05998352690224066, 0.13553870058393303], [0.0981970886214336, 0.22050126548270282, 0.33740411281762334, 0.14676419754975015, 0.09615286719269961, 0.2625304277659863, 0.3023074209115229, 0.3244745923768512, 0.13635989826817685, 0.14675852096349268, 0.13230635068871907, 0.2332551273732798, 0.18912676259540684, 0.1491019097284268, 0.3369104843086336], [0.10835540813399569, 0.24331174122229274, 0.37230798655737746, 0.16194670074455186, 0.10609971552297887, 0.28968874787970894, 0.33358060238512866, 0.35804092951928407, 0.15046609464074687, 0.16194043692523327, 0.1459932145530693, 0.25738496813603284, 0.2086916001052765, 0.1645262452175744, 0.3717632930302163], [0.010158319512562096, 0.022810475739589945, 0.03490387373975414, 0.015182503194801737, 0.009946848330279269, 0.02715832011372272, 0.03127318147360582, 0.03356633714243289, 0.01410619637257002, 0.015181915961740622, 0.013686863864350248, 0.024129840762753083, 0.019564837509869672, 0.0154243354891476, 0.034852808721582786], [0.012415723848687006, 0.02787947034838771, 0.04266029012636617, 0.01855639279364657, 0.012157259070341328, 0.033193502361216654, 0.03822277735662933, 0.04102552317408464, 0.017240906677585578, 0.018555675064349648, 0.01672838916753919, 0.02949202759892043, 0.0239125791787296, 0.018851965597847065, 0.04259787732637896], [0.09481098211724623, 0.21289777356950612, 0.32576948823770524, 0.14170336315148288, 0.0928372510826065, 0.25347765439474534, 0.2918830270869876, 0.31328581332937355, 0.1316578328106535, 0.1416978823095791, 0.12774406273393563, 0.22521184711902872, 0.18260515009211692, 0.1439604645653776, 0.32529288140143925]];

u = [0.007307598559967558, 0.5553774905575344, 0.4823015049578588, 0.577300286237437, 0.4676863078379237, 0.14615197119935114, 0.379995125118313, 0.445763512158021, 0.5334546948776316, 0.16807476687925385, 0.4969167020777939, 0.19730516111912408, 0.7015294617568855, 0.5188394977576966, 0.16807476687925385, 0.6942218631969179, 0.5261470963176641, 0.17538236543922137, 0.4019179207982157, 0.7015294617568855, 0.10230637983954581, 0.35076473087844273, 0.16807476687925385, 0.6649914689570477, 0.5261470963176641, 0.1388443726393836, 0.2776887452787672, 0.08769118271961068, 0.08769118271961068, 0.6138382790372748, 0.05846078847974046, 0.6211458775972424, 0.6649914689570477, 0.5334546948776316, 0.2557659495988645, 0.09499878127957825, 0.18268996399918894, 0.4676863078379237, 0.18268996399918894, 0.2923039423987023, 0.6065306804773072, 0.35807232943841033, 0.7307598559967557, 0.007307598559967558, 0.6357610747171776, 0.7307598559967557, 0.577300286237437, 0.5188394977576966, 0.02923039423987023, 0.06576838703970801, 0.3434571323184752, 0.4019179207982157, 0.10230637983954581, 0.10230637983954581, 0.5480698919975667, 0.6869142646369504, 0.4823015049578588, 0.577300286237437, 0.679606666076983, 0.16076716831928628, 0.45307111071798856, 0.2996115409586698, 0.04384559135980534, 0.2703811467187996, 0.40922551935818324, 0.05846078847974046, 0.08038358415964314, 0.5407622934375992, 0.6065306804773072, 0.26307354815883205, 0.5846078847974046, 0.2192279567990267, 0.679606666076983, 0.05846078847974046, 0.511531899197729, 0.18268996399918894, 0.5626850891175019, 0.2776887452787672, 0.32153433663857256, 0.1534595697593187, 0.05846078847974046, 0.10961397839951335, 0.1388443726393836, 0.3361495337585077, 0.3434571323184752, 0.1388443726393836, 0.22653555535899428, 0.45307111071798856, 0.17538236543922137, 0.5553774905575344, 0.43114831503808587, 0.37268752655834547, 0.6138382790372748, 0.18268996399918894, 0.43114831503808587, 0.5407622934375992, 0.5261470963176641, 0.5407622934375992, 0.2192279567990267, 0.379995125118313, 0.7234522574367882, 0.02923039423987023, 0.18268996399918894, 0.007307598559967558, 0.4969167020777939, 0.2411507524789294, 0.5407622934375992, 0.16076716831928628, 0.35076473087844273, 0.47499390639789124, 0.12422917551944848, 0.007307598559967558, 0.3361495337585077, 0.511531899197729, 0.014615197119935116, 0.3434571323184752, 0.5553774905575344, 0.5553774905575344, 0.28499634383873473, 0.5626850891175019, 0.4896091035178264, 0.5480698919975667, 0.6503762718371127, 0.5042243006377614, 0.6503762718371127, 0.31422673807860496, 0.18268996399918894, 0.24845835103889696, 0.6722990675170154, 0.5480698919975667, 0.4603787092779561, 0.39461032223824816, 0.6503762718371127, 0.13153677407941602, 0.4384559135980534, 0.4019179207982157, 0.26307354815883205, 0.20461275967909162, 0.16807476687925385, 0.43114831503808587, 0.6138382790372748, 0.13153677407941602, 0.577300286237437, 0.35076473087844273, 0.7234522574367882, 0.13153677407941602];

l = [0.0007307598559967558, 0.05553774905575344, 0.048230150495785884, 0.057730028623743705, 0.04676863078379237, 0.014615197119935114, 0.037999512511831306, 0.044576351215802106, 0.05334546948776317, 0.016807476687925385, 0.0496916702077794, 0.01973051611191241, 0.07015294617568855, 0.051883949775769655, 0.016807476687925385, 0.0694221863196918, 0.05261470963176641, 0.01753823654392214, 0.04019179207982157, 0.07015294617568855, 0.010230637983954582, 0.03507647308784428, 0.016807476687925385, 0.06649914689570478, 0.05261470963176641, 0.01388443726393836, 0.02776887452787672, 0.00876911827196107, 0.00876911827196107, 0.061383827903727484, 0.005846078847974046, 0.06211458775972424, 0.06649914689570478, 0.05334546948776317, 0.025576594959886453, 0.009499878127957826, 0.018268996399918896, 0.04676863078379237, 0.018268996399918896, 0.029230394239870228, 0.06065306804773072, 0.035807232943841034, 0.07307598559967558, 0.0007307598559967558, 0.06357610747171775, 0.07307598559967558, 0.057730028623743705, 0.051883949775769655, 0.002923039423987023, 0.006576838703970802, 0.03434571323184752, 0.04019179207982157, 0.010230637983954582, 0.010230637983954582, 0.05480698919975668, 0.06869142646369504, 0.048230150495785884, 0.057730028623743705, 0.0679606666076983, 0.016076716831928628, 0.045307111071798856, 0.029961154095866985, 0.004384559135980535, 0.02703811467187996, 0.04092255193581833, 0.005846078847974046, 0.008038358415964314, 0.05407622934375992, 0.06065306804773072, 0.026307354815883206, 0.058460788479740455, 0.02192279567990267, 0.0679606666076983, 0.005846078847974046, 0.051153189919772905, 0.018268996399918896, 0.0562685089117502, 0.02776887452787672, 0.032153433663857256, 0.015345956975931871, 0.005846078847974046, 0.010961397839951335, 0.01388443726393836, 0.03361495337585077, 0.03434571323184752, 0.01388443726393836, 0.022653555535899428, 0.045307111071798856, 0.01753823654392214, 0.05553774905575344, 0.04311483150380859, 0.03726875265583455, 0.061383827903727484, 0.018268996399918896, 0.04311483150380859, 0.05407622934375992, 0.05261470963176641, 0.05407622934375992, 0.02192279567990267, 0.037999512511831306, 0.07234522574367883, 0.002923039423987023, 0.018268996399918896, 0.0007307598559967558, 0.0496916702077794, 0.024115075247892942, 0.05407622934375992, 0.016076716831928628, 0.03507647308784428, 0.04749939063978913, 0.01242291755194485, 0.0007307598559967558, 0.03361495337585077, 0.051153189919772905, 0.0014615197119935116, 0.03434571323184752, 0.05553774905575344, 0.05553774905575344, 0.028499634383873474, 0.0562685089117502, 0.04896091035178264, 0.05480698919975668, 0.06503762718371127, 0.05042243006377614, 0.06503762718371127, 0.0314226738078605, 0.018268996399918896, 0.0248458351038897, 0.06722990675170154, 0.05480698919975668, 0.04603787092779561, 0.03946103222382482, 0.06503762718371127, 0.013153677407941603, 0.04384559135980534, 0.04019179207982157, 0.026307354815883206, 0.020461275967909164, 0.016807476687925385, 0.04311483150380859, 0.061383827903727484, 0.013153677407941603, 0.057730028623743705, 0.03507647308784428, 0.07234522574367883, 0.013153677407941603];

rcv = [19550.307399728874, 26462.910668149994, 26414.155521246157, 21339.123076868033, 25392.827274907402, 19202.551335412863, 18779.808593800764, 20621.91354741028, 26008.994927769403, 23641.038519626774, 27167.807607492716, 25328.963166859052, 21407.031275540223, 17827.118266598598, 18333.808260006623, 20837.16223805736, 25172.43397167503, 26216.54832177507, 24933.57218461546, 18048.398082454136, 17068.874830395423, 24465.891707590752, 22393.957903158458, 18627.529933965245, 17410.173046946707, 21019.34514736988, 20175.301100440305, 27780.39576896772, 21404.16513718824, 18858.280138305654, 23439.65391867892, 19556.725582847685, 26870.11201123283, 23136.141615289525, 16955.42208489936, 27378.890230109457, 19335.87675796007, 22077.411008975876, 22312.948494067103, 21539.744991275584, 20012.186220375595, 18757.86118979555, 19288.196711047058, 16717.22755003341, 27262.8507219924, 20465.24408996091, 23680.08021119618, 25729.669280297232, 22666.869547153117, 27424.855093926024, 22904.32785205133, 21198.85305908579, 19540.35452941514, 27666.084935661078, 25666.041317602947, 27511.286328657457, 22252.054422948167, 19275.120542326076, 23521.56167416949, 18957.25270305413, 19640.187151373044, 24852.82553699785, 20795.22432801212, 21663.305570964792, 24086.267999612668, 27917.822736170372, 22506.561290714744, 20626.37505203679, 20047.903940346263, 21197.54017335191, 19095.98784273769, 26117.25888283363, 18348.53052582484, 20026.986351259333, 26585.406717630965, 20657.91924747592, 16753.994863260985, 18736.77845354886, 18783.495979183306, 23248.238219990653, 18073.509180537898, 22683.761168731548, 23963.959234856222, 21416.01575299313, 19315.951493487595, 18628.870861251995, 27504.628239256548, 27399.21005140958, 23397.902741926, 17603.459151757343, 26224.862216108326, 24348.65552095834, 25709.214367532262, 22986.000463084463, 18340.611313549503, 22184.76433724803, 22100.3868803532, 26064.553681245136, 16758.991490853252, 17926.942171577353, 24530.18218280457, 18812.174849086583, 20474.69486960615, 23024.772537800407, 25399.160001176853, 19703.63259477855, 25047.927236525265, 27491.572153538084, 20529.160730424217, 27892.897360327028, 25538.323136773826, 27497.04630802991, 18059.194947858516, 25296.927832304085, 24658.06420794466, 16946.733177937764, 26534.16656450947, 19892.34222454131, 25722.898500629555, 24301.10296840658, 23849.74417474932, 25646.898699694408, 27987.632888691816, 22473.462066783184, 20231.098029033008, 20126.118203934173, 21329.00048891776, 18297.161808912027, 22496.93122249643, 26531.5530254767];

tcv = [94048.29231857127, 92308.61088361958, 94694.98652275174, 91722.15193831698, 91832.77758508707, 104231.55279938273, 91847.76980067132, 99390.81566436643, 99532.7088252514, 93078.85544788024, 92532.14762570149, 91633.7274053587, 103653.50037027057, 103292.1163547695, 94617.81943131654, 98967.86903903274, 90997.87486622357, 92036.51995600056, 92789.25623336204, 101416.81887019647, 104597.29675902183, 96383.70371193893, 100695.4466515902, 94725.3295824352, 91867.02365630663, 102744.80928409124, 92282.72849307038, 103804.93739525978, 104652.04178675926, 91996.86965627978, 98668.72824255617, 93286.64516654197, 101805.63735136583, 91958.10391848265, 93740.44060420514, 100869.97220491993, 104448.4387802656, 95531.57570191156, 92890.69867540439, 96698.18452644802, 96931.8672627162, 91154.37962798776, 102030.39406920093, 102841.11500081283, 93775.59240852676, 94239.44444618536, 98037.60572242843, 94723.79457194467, 104511.66430866429, 98797.22707376975, 93247.79393862758, 91009.05908506698, 99053.79261511048, 103831.84104424562, 98232.73111742416, 101425.9099551366, 101507.5886784319, 97573.95464306427, 95496.02606352387, 96081.36544786635, 93169.91336047188, 93266.33089723482, 100505.81137478424, 102088.07732219165, 103439.19626252519, 92587.22991058759, 100454.59823930703, 102498.71420261834, 100764.20851058127, 90851.36113672634, 102010.76107795598, 103307.49624467103, 96739.45886363843, 100271.63474341926, 103358.41326151953, 92989.76908532759, 94309.64816898672, 96470.73896752883, 92345.28082222489, 103345.9004137172, 97818.22110165027, 105312.71821172787, 103134.75973363333, 101824.16629530168, 98937.99415788373, 94888.39526381803, 93615.37794079716, 91329.06960552081, 91424.57923750985, 100405.67448840186, 97030.3097424418, 105298.67946870637, 99713.77636617997, 102362.49275408896, 103061.71446991079, 104756.01104122747, 101683.14458706832, 91765.37201473147, 91726.34257118254, 96760.21623992435, 101992.73869707334, 91833.84345397212, 98230.52143330048, 97033.69914281998, 97512.22062995822, 103600.47715863651, 103382.60874858004, 103659.53123939862, 92204.01566036633, 99643.04007893667, 103531.66567261804, 97229.21183672288, 101313.96213262755, 96567.21938774189, 100758.99707329553, 90828.45565491152, 98431.28523476403, 98014.02068442316, 93926.01464354109, 96811.52854799453, 92158.9315531464, 97783.60859344905, 99353.07380728034, 103196.4511272455, 102221.53147029664, 104910.46664639335, 104300.49495803005, 95864.88274234577, 93744.84777245848, 103981.32426280825, 94171.16946478751, 98458.22215349482, 94816.49092941516, 103545.71060520639, 100150.34555298963, 105263.3600092965, 93514.95532282493, 99894.84864867174, 94845.1769303508, 94924.23483280091, 93125.29494380728, 102310.2322897385, 104226.78802140424, 98114.19795739818, 102430.28501766721, 92187.79562079602];

tcf = [111.84, 8499.59, 7381.22, 8835.1, 7157.55, 2236.73, 5815.51, 6822.04, 8164.08, 2572.24, 7604.9, 3019.59, 10736.32, 7940.41, 2572.24, 10624.49, 8052.24, 2684.08, 6151.02, 10736.32, 1565.71, 5368.16, 2572.24, 10177.14, 8052.24, 2124.9, 4249.79, 1342.04, 1342.04, 9394.28, 894.69, 9506.12, 10177.14, 8164.08, 3914.28, 1453.88, 2795.92, 7157.55, 2795.92, 4473.47, 9282.45, 5480.0, 11183.67, 111.84, 9729.79, 11183.67, 8835.1, 7940.41, 447.35, 1006.53, 5256.33, 6151.02, 1565.71, 1565.71, 8387.75, 10512.65, 7381.22, 8835.1, 10400.81, 2460.41, 6933.88, 4585.3, 671.02, 4137.96, 6262.86, 894.69, 1230.2, 8275.92, 9282.45, 4026.12, 8946.94, 3355.1, 10400.81, 894.69, 7828.57, 2795.92, 8611.43, 4249.79, 4920.82, 2348.57, 894.69, 1677.55, 2124.9, 5144.49, 5256.33, 2124.9, 3466.94, 6933.88, 2684.08, 8499.59, 6598.37, 5703.67, 9394.28, 2795.92, 6598.37, 8275.92, 8052.24, 8275.92, 3355.1, 5815.51, 11071.83, 447.35, 2795.92, 111.84, 7604.9, 3690.61, 8275.92, 2460.41, 5368.16, 7269.39, 1901.22, 111.84, 5144.49, 7828.57, 223.67, 5256.33, 8499.59, 8499.59, 4361.63, 8611.43, 7493.06, 8387.75, 9953.47, 7716.73, 9953.47, 4808.98, 2795.92, 3802.45, 10288.98, 8387.75, 7045.71, 6039.18, 9953.47, 2013.06, 6710.2, 6151.02, 4026.12, 3131.43, 2572.24, 6598.37, 9394.28, 2013.06, 8835.1, 5368.16, 11071.83, 2013.06];
 