/*********************************************
 * OPL 22.1.1.0 Data
 * Author: User
 * Creation Date: 24 ott 2023 at 10:32:38
 *********************************************/
n = 6;

m = 6;

g = 15;

d = [52.53930670025013, 52.96081207160779, 52.69793838839532, 52.11090091967941, 52.462481285443054, 52.05751316611918, 50.86319572771182, 50.4912615969912, 50.011146387132726, 50.042888590129735, 53.08647132479027, 51.2471100476598, 49.79275159841159, 49.72226208635747, 53.46249709013878];

c = [[4.572032503311193, 4.6026750815807995, 5.143930144466952, 4.145224130662702, 2.977081283167278, 4.693576410297837, 3.5739416869543192, 1.3899215111314907, 3.2986269083666735, 3.4481601364452246, 1.692562003768413, 4.951152567906602, 2.2035766305036475, 2.937559435122435, 3.5807564862744266], [3.8277481423070445, 3.8534023938815993, 4.306546167460704, 3.4704202024152853, 2.4924401440470234, 3.9295058318772584, 2.9921372262873365, 1.1636552186217128, 2.761641132586052, 2.8868317421401875, 1.417028654317741, 4.145150987084596, 1.844854853444914, 2.4593520852187827, 2.9978426396716125], [0.21265267457261358, 0.21407791077119995, 0.23925256485892799, 0.19280112235640473, 0.1384688968915013, 0.21830587954873656, 0.166229845904852, 0.06464751214565072, 0.15342450736589178, 0.16037954123001041, 0.07872381412876339, 0.23028616594914422, 0.10249193630249522, 0.13663067140104346, 0.16654681331508958], [1.6480582279377554, 1.6591038084767997, 1.8542073776566919, 1.4942086982621365, 1.073133950909135, 1.6918705665027085, 1.2882813057626032, 0.5010182191287931, 1.1890399320856613, 1.2429414445325808, 0.6101095594979162, 1.7847177861058678, 0.7943125063443379, 1.058887703358087, 1.2907378031919443], [1.2227528787925284, 1.2309479869344, 1.375702247938836, 1.1086064535493274, 0.7961961571261326, 1.2552588074052355, 0.9558216139528993, 0.37172319483749167, 0.8821909173538779, 0.9221823620725601, 0.45266193124038956, 1.3241454542075797, 0.5893286337393476, 0.7856263605560001, 0.9576441765617653], [2.020200408439829, 2.0337401523264, 2.272899366159816, 1.831610662385845, 1.3154545204692625, 2.0739058557129977, 1.5791835360960944, 0.6141513653836819, 1.457532819975972, 1.5236056416850992, 0.7478762342232523, 2.1877185765168705, 0.9736733948737047, 1.297991378309913, 1.5821947264933511]];

u = [6.439944010687868, 3.488303005789262, 7.781599012914507, 15.831529026274342, 9.92824701647713, 11.806564019594424];

l = [0.6439944010687868, 0.3488303005789262, 0.7781599012914507, 1.5831529026274342, 0.992824701647713, 1.1806564019594423];

rcv = [23838.226099084994, 18680.45564347146, 25257.295130867933, 20353.92575682488, 24359.588379828805, 22754.618749872236];

tcv = [90969.47931393802, 99012.0382433928, 99389.79909878493, 96097.57479824942, 94683.43685151733, 96641.62297838122];

tcf = [98557.98, 53385.57, 119090.89, 242288.36, 151943.55, 180689.62];
 